road vm15605197|Dynon - Citylink Out Ramp On|1|1|1
-2445.270 0.000 991.830
-2455.314 0.000 974.196
-2473.027 0.000 965.564
-2493.350 0.000 966.420
road vm35268324|West Gate Out - West Gate Out Ramp|1|1|1
-2870.441 4.298 -1464.081
-2889.833 3.594 -1468.306
-2909.214 2.585 -1472.523
-2928.597 1.575 -1476.727
-2947.988 0.658 -1480.918
-2967.394 0.129 -1485.102
-2986.803 0.000 -1489.305
-3006.054 0.000 -1494.184
-3025.309 0.000 -1499.050
-3044.566 0.000 -1503.903
-3063.827 0.000 -1508.742
-3083.092 0.000 -1513.567
-3102.361 0.000 -1518.375
-3121.656 0.000 -1523.074
-3141.025 0.000 -1527.463
-3160.398 0.000 -1531.833
-3179.775 0.000 -1536.183
-3199.159 0.000 -1540.504
-3218.546 0.000 -1544.814
-3237.938 0.000 -1549.096
-3257.335 0.000 -1553.359
-3276.737 0.000 -1557.595
-3296.193 0.000 -1561.577
-3315.481 0.000 -1566.309
-3334.774 0.000 -1571.021
-3353.935 0.000 -1576.238
-3373.062 0.000 -1581.584
-3392.196 0.000 -1586.904
road vm35268386|Citylink In - Lorimer Ramp Of|1|1|1
-1539.280 0.000 -1328.470
-1520.395 0.000 -1316.374
-1530.470 0.000 -1297.950
road vm35268615|Montague - West Gate In Ramp On|1|1|1
-1411.950 0.107 -1547.020
-1418.969 0.613 -1528.010
-1423.608 1.514 -1508.353
-1423.737 2.527 -1488.139
-1418.137 3.539 -1468.709
-1408.376 4.259 -1450.994
-1396.110 4.525 -1434.847
-1383.967 4.298 -1418.616
-1371.847 2.531 -1402.452
-1357.352 0.615 -1389.249
-1337.457 0.000 -1390.677
-1317.729 0.000 -1395.378
-1298.000 0.000 -1400.074
-1278.249 0.057 -1404.672
-1258.407 0.061 -1408.821
-1238.859 0.034 -1414.222
-1219.335 0.000 -1419.707
-1199.827 0.000 -1425.250
-1180.472 0.000 -1431.303
-1161.147 0.000 -1437.455
-1141.823 0.000 -1443.608
-1122.498 0.000 -1449.759
-1103.193 0.000 -1455.973
-1083.893 0.000 -1462.204
-1064.716 0.000 -1468.798
-1045.629 0.000 -1475.651
-1026.541 0.000 -1482.502
-1007.414 0.000 -1489.242
-988.180 0.000 -1495.672
-968.944 0.000 -1502.099
-949.708 0.000 -1508.520
-930.470 0.000 -1514.940
road vm41607085|Citylink In - Kings Ramp Of|1|1|2
-1758.000 0.000 -1315.160
-1738.015 0.000 -1317.359
-1718.030 0.000 -1319.559
-1698.045 0.000 -1321.758
-1678.060 0.000 -1323.950
-1658.075 0.000 -1326.151
-1638.090 0.000 -1328.350
-1618.126 0.000 -1330.720
-1598.218 0.000 -1333.532
-1578.310 0.000 -1336.345
-1558.456 0.000 -1339.496
-1538.660 0.000 -1343.010
road vm41607089|Kings - Citylink Out Ramp On|1|1|1
-1845.270 0.000 -1359.550
-1866.356 0.000 -1358.814
-1887.442 0.000 -1358.072
-1908.528 0.000 -1357.332
-1929.615 0.000 -1356.640
-1950.712 0.000 -1356.327
-1971.808 0.000 -1356.036
-1992.895 0.000 -1356.676
-2013.980 0.000 -1357.440
road vm43076444|Montague - Citylink Out Ramp On|1|1|1
-1411.950 0.000 -1547.020
-1425.618 0.000 -1534.142
-1436.571 0.000 -1518.985
-1443.090 0.000 -1501.422
-1450.673 0.000 -1484.277
-1459.086 0.005 -1467.503
-1471.166 0.156 -1453.339
-1487.500 0.379 -1444.130
road vm43100587|Montague - West Gate Out Ramp On|1|1|2
-1444.090 0.236 -1497.960
-1448.375 0.820 -1479.724
-1451.998 1.348 -1461.348
-1455.631 1.057 -1442.966
-1462.531 0.399 -1425.780
-1477.220 0.000 -1414.835
-1495.340 0.000 -1410.050
road vm73688743|Citylink In - Footscray Ramp Of|1|1|2
-2398.420 0.000 488.920
-2391.550 0.000 469.258
-2389.000 0.000 448.520
road vm56721410|Montague - Citylink Out Ramp On|1|1|1
-1405.790 4.471 -1447.790
-1424.777 3.768 -1451.900
-1444.458 2.780 -1450.505
-1464.021 1.795 -1448.044
-1483.488 0.854 -1444.800
-1502.966 0.234 -1441.549
-1522.453 0.009 -1438.300
-1541.939 0.000 -1435.038
-1561.425 0.000 -1431.774
-1580.888 0.000 -1428.373
-1600.310 0.000 -1424.753
-1619.710 0.000 -1421.012
-1638.988 0.000 -1416.687
-1658.267 0.000 -1412.364
-1677.545 0.000 -1408.038
-1696.753 0.000 -1403.411
-1715.949 0.000 -1398.732
-1735.001 0.000 -1393.500
-1754.053 0.000 -1388.268
-1773.090 0.000 -1382.978
-1792.260 0.000 -1378.200
road vm56721411|West Gate In - Citylink Out Ramp|1|1|1
-3274.604 0.000 -1519.508
-3255.237 0.000 -1513.561
-3235.875 0.000 -1507.600
-3216.516 0.000 -1501.626
-3197.162 0.000 -1495.637
-3177.812 0.000 -1489.636
-3158.465 0.000 -1483.623
-3139.123 0.000 -1477.598
-3119.784 0.000 -1471.561
-3100.442 0.000 -1465.534
-3081.097 0.000 -1459.515
-3061.757 0.000 -1453.483
-3042.418 0.000 -1447.444
-3023.081 0.000 -1441.401
-3003.750 0.000 -1435.340
-2984.420 0.000 -1429.272
-2965.127 0.000 -1423.095
-2946.134 0.000 -1416.052
-2928.001 0.000 -1407.140
-2911.766 0.000 -1395.208
-2898.394 0.000 -1380.010
-2888.574 0.000 -1362.367
-2882.408 0.000 -1343.111
-2878.855 0.000 -1323.170
-2876.494 0.000 -1303.052
-2874.909 0.000 -1282.855
-2873.240 0.000 -1262.665
-2871.440 0.000 -1242.486
-2869.632 0.000 -1222.307
road vm45115824|West Gate In - Montague Ramp Of|1|1|2
-1483.100 0.000 -1361.110
-1465.967 0.000 -1369.018
-1449.682 0.000 -1378.511
-1434.321 0.000 -1389.470
-1419.867 0.809 -1401.561
-1407.533 2.384 -1415.563
-1401.462 4.214 -1433.211
-1395.220 5.013 -1450.900
road vm56729225|Montague - West Gate Out Ramp On|1|1|2
-1357.890 5.659 -1400.840
-1374.885 5.123 -1411.075
-1392.968 4.311 -1419.084
-1412.206 3.404 -1422.695
-1431.878 2.425 -1420.496
-1451.437 1.434 -1417.282
-1471.000 0.582 -1414.055
-1490.578 0.108 -1410.837
-1510.191 0.000 -1407.811
-1529.816 0.000 -1404.852
-1549.440 0.000 -1401.893
-1569.063 0.000 -1398.923
-1588.687 0.000 -1395.964
-1608.311 0.000 -1393.006
-1627.935 0.000 -1390.047
-1647.490 0.000 -1386.656
-1667.036 0.000 -1383.222
-1686.582 0.000 -1379.780
-1705.902 0.000 -1375.244
-1725.212 0.000 -1370.659
-1744.519 0.000 -1366.067
-1763.829 0.000 -1361.483
-1783.115 0.000 -1356.803
-1802.347 0.000 -1351.907
-1821.580 0.000 -1347.010
road vm56729227|West Gate Out - Montague Ramp Of|1|1|2
-1381.130 3.825 -1414.830
-1378.528 1.837 -1394.750
-1376.329 0.006 -1374.617
-1368.010 0.000 -1356.220
road vm45115856|West Gate Out - Montague Ramp Of|1|1|2
-1340.890 0.000 -1459.220
-1357.112 1.275 -1447.017
-1371.245 3.163 -1432.540
-1381.130 4.674 -1414.830
road vm45115858|Citylink|0|1|4
-1080.430 0.000 -1493.630
-1099.923 0.000 -1489.329
-1119.418 0.000 -1485.036
-1138.911 0.000 -1480.736
-1158.405 0.000 -1476.440
-1177.899 0.000 -1472.143
-1197.393 0.000 -1467.846
-1217.049 0.040 -1464.372
-1236.744 0.410 -1461.145
-1256.428 1.177 -1457.915
-1276.103 2.168 -1454.694
-1295.777 3.166 -1451.463
-1315.480 4.163 -1448.420
-1335.192 5.159 -1445.434
-1355.012 5.824 -1443.235
-1374.920 5.706 -1441.800
-1394.826 4.912 -1440.537
-1414.729 3.895 -1439.405
-1434.624 3.880 -1437.949
-1454.518 4.726 -1436.541
-1474.397 5.526 -1435.247
-1494.201 4.636 -1432.929
-1514.001 3.637 -1430.595
-1533.802 2.641 -1428.269
-1553.539 1.643 -1425.492
-1573.204 0.727 -1422.187
-1592.875 0.168 -1418.845
-1612.398 0.003 -1414.692
-1631.912 0.000 -1410.485
-1651.425 0.000 -1406.277
-1670.937 0.000 -1402.062
-1690.450 0.000 -1397.853
-1709.964 0.000 -1393.647
-1729.477 0.000 -1389.439
-1749.016 0.000 -1385.354
-1768.705 0.000 -1382.067
-1788.403 0.000 -1378.834
-1808.168 0.000 -1376.043
-1827.990 0.000 -1373.688
-1847.842 0.000 -1371.597
-1867.693 0.000 -1369.498
-1887.562 0.000 -1367.577
-1907.437 0.000 -1365.719
-1927.312 0.000 -1363.860
-1947.187 0.000 -1362.001
-1967.063 0.000 -1360.143
-1986.964 0.000 -1358.657
-2006.905 0.000 -1357.758
-2026.844 0.000 -1356.802
-2046.782 0.000 -1355.821
-2066.720 0.000 -1354.833
-2086.657 0.000 -1353.853
-2106.604 0.000 -1353.325
-2126.564 0.000 -1353.563
-2146.525 0.000 -1353.806
-2166.483 0.000 -1354.167
-2186.432 0.000 -1354.877
-2206.380 0.000 -1355.629
-2226.299 0.000 -1356.922
-2246.214 0.000 -1358.286
-2266.100 0.000 -1360.020
-2285.978 0.000 -1361.842
-2305.857 0.000 -1363.663
-2325.736 0.000 -1365.485
-2345.614 0.000 -1367.313
-2365.492 0.000 -1369.137
-2385.371 0.000 -1370.958
-2405.249 0.000 -1372.780
-2425.123 0.000 -1374.654
-2444.856 0.000 -1377.638
-2464.567 0.000 -1380.792
-2484.279 0.000 -1383.941
-2503.990 0.000 -1387.095
-2523.702 0.000 -1390.248
-2543.413 0.000 -1393.400
-2563.125 0.000 -1396.549
-2582.836 0.000 -1399.703
-2602.548 0.000 -1402.854
-2622.259 0.000 -1406.007
-2641.970 0.000 -1409.162
-2661.562 0.000 -1412.967
-2681.057 0.000 -1417.259
-2700.552 0.000 -1421.551
-2720.049 0.086 -1425.834
-2739.430 0.519 -1430.587
-2758.751 1.337 -1435.535
-2778.066 2.331 -1440.475
-2797.381 3.334 -1445.417
-2816.698 4.339 -1450.346
-2836.029 5.069 -1455.270
-2855.354 5.086 -1460.263
-2874.621 4.363 -1465.412
-2893.683 3.365 -1471.255
-2912.735 2.349 -1477.124
-2931.790 1.341 -1482.986
-2950.855 0.517 -1488.845
-2969.936 0.085 -1494.692
-2989.013 0.000 -1500.566
-3007.765 0.000 -1507.369
-3024.401 0.000 -1518.217
-3038.339 0.000 -1532.440
-3048.485 0.000 -1549.555
-3056.471 0.000 -1567.843
-3060.285 0.000 -1587.329
-3060.401 0.000 -1607.266
-3056.987 0.000 -1626.887
-3050.404 0.000 -1645.677
-3040.837 0.000 -1663.134
-3027.869 0.000 -1678.274
-3012.364 0.000 -1690.736
-2995.015 0.000 -1700.563
-2976.064 0.000 -1706.623
-2956.248 0.000 -1708.592
-2936.433 0.000 -1706.662
-2917.317 0.000 -1701.058
-2899.936 0.000 -1691.427
-2884.893 0.000 -1678.328
-2871.172 0.000 -1663.903
-2860.203 0.000 -1647.312
-2852.000 0.000 -1629.122
-2845.214 0.000 -1610.374
-2841.081 0.020 -1590.855
-2838.719 0.298 -1571.081
-2839.003 0.975 -1551.140
-2840.443 1.945 -1531.261
-2843.293 2.945 -1511.531
-2846.283 3.943 -1491.820
-2849.289 4.942 -1472.111
-2852.444 5.755 -1452.417
-2855.344 6.160 -1432.673
-2858.079 5.883 -1412.903
-2860.841 5.156 -1393.147
-2863.689 4.158 -1373.415
-2866.540 3.159 -1353.683
-2869.212 2.161 -1333.927
-2871.094 1.178 -1314.081
-2871.804 0.420 -1294.152
-2871.346 0.053 -1274.202
-2870.691 0.000 -1254.251
-2870.030 0.000 -1234.300
-2869.149 0.000 -1214.359
-2867.938 0.000 -1194.434
-2866.370 0.000 -1174.536
-2864.302 0.000 -1154.681
-2859.582 0.000 -1135.360
-2855.040 0.000 -1115.926
-2850.709 0.000 -1096.440
-2845.747 0.000 -1077.107
-2840.576 0.000 -1057.827
-2835.090 0.000 -1038.634
-2829.508 0.000 -1019.469
-2823.919 0.000 -1000.305
-2818.317 0.000 -981.146
-2812.715 0.000 -961.986
-2807.113 0.000 -942.826
-2801.512 0.000 -923.666
-2795.931 0.000 -904.500
-2790.339 0.000 -885.338
-2784.746 0.000 -866.175
-2779.155 0.000 -847.012
-2773.563 0.000 -827.850
-2767.970 0.000 -808.687
-2762.378 0.000 -789.525
-2756.786 0.000 -770.362
-2751.193 0.000 -751.200
-2745.657 0.000 -732.021
-2740.138 0.000 -712.838
-2734.278 0.000 -693.756
-2728.580 0.000 -674.625
-2723.319 0.000 -655.369
-2717.916 0.000 -636.153
-2712.239 0.000 -617.016
-2706.568 0.000 -597.876
-2700.889 0.000 -578.739
-2695.210 0.000 -559.602
-2689.534 0.000 -540.464
-2683.861 0.000 -521.325
-2678.226 0.000 -502.175
-2672.736 0.000 -482.983
-2667.245 0.000 -463.791
-2661.755 0.000 -444.599
-2656.264 0.000 -425.408
-2650.773 0.000 -406.216
-2645.283 0.000 -387.024
-2639.796 0.000 -367.831
-2634.383 0.000 -348.617
-2629.001 0.000 -329.394
-2623.612 0.000 -310.173
-2618.227 0.000 -290.952
-2612.930 0.000 -271.706
-2608.309 0.000 -252.287
-2603.779 0.000 -232.846
-2599.250 0.000 -213.405
-2594.829 0.000 -193.941
-2591.214 0.000 -174.309
-2587.624 0.000 -154.673
-2584.054 0.000 -135.033
-2580.986 0.000 -115.310
-2578.134 0.000 -95.553
-2575.276 0.000 -75.797
-2572.435 0.000 -56.038
-2570.213 0.000 -36.205
-2568.332 0.000 -16.332
-2566.442 0.000 3.540
-2564.562 0.000 23.413
-2563.172 0.000 43.323
-2562.202 0.000 63.261
-2561.225 0.000 83.199
-2560.426 0.000 103.139
-2561.042 0.000 123.092
-2561.664 0.000 143.044
-2562.284 0.000 162.996
-2562.900 0.000 182.949
-2564.235 0.000 202.857
-2566.139 0.000 222.728
-2568.036 0.000 242.599
-2569.936 0.000 262.471
-2571.835 0.000 282.342
-2573.776 0.000 302.209
-2576.420 0.000 321.994
-2579.236 0.000 341.756
-2582.051 0.000 361.518
-2584.866 0.000 381.281
-2587.673 0.000 401.044
-2590.489 0.000 420.807
-2593.305 0.005 440.569
-2596.188 0.197 460.320
-2599.470 0.782 480.000
-2602.158 1.714 499.758
-2604.838 2.712 519.514
-2607.522 3.709 539.270
-2610.210 4.704 559.025
-2612.891 5.615 578.784
-2615.570 5.877 598.563
-2618.243 5.829 618.345
-2620.712 5.882 638.152
-2622.741 5.763 658.010
-2623.950 4.941 677.905
-2624.558 3.946 697.833
-2625.141 2.951 717.761
-2624.034 1.954 737.653
-2621.844 0.983 757.467
-2619.254 0.302 777.248
-2615.791 0.018 796.887
-2611.149 0.000 816.301
-2606.490 0.000 835.712
-2601.818 0.000 855.119
-2596.807 0.027 874.438
-2589.767 0.344 893.114
-2582.167 1.057 911.558
-2574.252 2.037 929.856
-2565.178 3.034 947.608
-2556.072 4.032 965.344
-2545.712 5.028 982.378
-2535.154 5.805 999.298
road vm57654521|Citylink|0|1|4
-2520.642 5.859 995.626
-2531.105 5.621 978.586
-2540.725 4.704 961.078
-2549.761 3.706 943.268
-2558.500 2.706 925.308
-2566.713 1.708 907.111
-2573.855 0.770 888.455
-2580.999 0.187 869.786
-2587.057 0.003 850.729
-2592.418 0.000 831.466
-2597.346 0.000 812.085
-2600.268 0.035 792.301
-2603.136 0.382 772.513
-2605.904 1.126 752.722
-2607.736 2.112 732.849
-2608.505 3.110 712.892
-2608.469 4.111 692.919
-2608.430 5.109 672.945
-2607.416 5.898 653.008
-2605.452 6.268 633.110
-2603.591 6.017 613.200
-2601.052 5.362 593.375
-2598.488 4.365 573.567
-2595.761 3.367 553.781
-2592.870 2.369 534.018
-2589.988 1.372 514.254
-2587.097 0.527 494.484
-2584.109 0.079 474.716
-2580.397 0.000 455.066
-2577.547 0.000 435.272
-2574.705 0.000 415.477
-2571.871 0.000 395.680
-2569.028 0.000 375.885
-2566.194 0.000 356.089
-2563.355 0.000 336.293
-2560.516 0.000 316.497
-2558.134 0.000 296.642
-2555.854 0.000 276.774
-2553.582 0.000 256.905
-2551.362 0.000 237.030
-2550.423 0.000 217.055
-2549.500 0.000 197.078
-2548.583 0.000 177.101
-2547.657 0.000 157.124
-2547.376 0.000 137.138
-2547.877 0.000 117.146
-2548.375 0.000 97.154
-2548.871 0.000 77.162
-2549.373 0.000 57.170
-2549.579 0.000 37.173
-2549.740 0.000 17.175
-2549.900 0.000 -2.822
-2552.002 0.000 -22.670
-2554.868 0.000 -42.457
-2557.284 0.000 -62.309
-2559.699 0.000 -82.161
-2562.807 0.000 -101.916
-2565.988 0.000 -121.659
-2569.720 0.000 -141.306
-2573.468 0.000 -160.950
-2577.575 0.000 -180.519
-2582.006 0.000 -200.021
-2586.604 0.000 -219.482
-2591.391 0.000 -238.899
-2596.188 0.000 -258.313
-2600.961 0.000 -277.734
-2605.727 0.000 -297.156
-2611.135 0.000 -316.401
-2617.077 0.000 -335.496
-2623.013 0.000 -354.593
-2628.657 0.000 -373.779
-2634.306 0.000 -392.963
-2639.961 0.000 -412.145
-2645.636 0.000 -431.321
-2651.312 0.000 -450.497
-2657.025 0.000 -469.661
-2662.791 0.000 -488.810
-2668.561 0.000 -507.958
-2674.328 0.000 -527.107
-2680.379 0.000 -546.168
-2686.507 0.000 -565.204
-2691.920 0.000 -584.455
-2697.327 0.000 -603.709
-2702.800 0.000 -622.944
-2708.443 0.000 -642.129
-2714.089 0.000 -661.314
-2719.690 0.000 -680.512
-2724.889 0.000 -699.822
-2730.072 0.000 -719.137
-2735.308 0.000 -738.438
-2740.823 0.000 -757.660
-2746.344 0.000 -776.882
-2751.877 0.000 -796.099
-2757.562 0.000 -815.272
-2763.249 0.000 -834.445
-2768.876 0.000 -853.635
-2774.222 0.000 -872.906
-2779.753 0.000 -892.123
-2785.577 0.000 -911.254
-2791.261 0.000 -930.427
-2796.966 0.000 -949.595
-2802.757 0.000 -968.736
-2808.301 0.000 -987.949
-2813.442 0.000 -1007.275
-2818.581 0.000 -1026.602
-2823.727 0.000 -1045.927
-2828.865 0.000 -1065.254
-2834.003 0.000 -1084.581
-2839.137 0.000 -1103.908
-2844.269 0.000 -1123.237
-2847.470 0.000 -1142.945
-2850.358 0.000 -1162.729
-2853.559 0.000 -1182.470
-2856.120 0.000 -1202.303
-2858.520 0.000 -1222.156
-2860.434 0.000 -1242.063
-2862.205 0.000 -1261.982
-2862.429 0.173 -1281.978
-2861.664 0.742 -1301.948
-2860.315 1.674 -1321.878
-2858.117 2.672 -1341.730
-2855.909 3.672 -1361.581
-2853.696 4.671 -1381.432
-2850.439 5.599 -1401.141
-2847.141 6.138 -1420.857
-2843.872 6.039 -1440.585
-2840.543 5.421 -1460.295
-2837.190 4.424 -1479.985
-2833.834 3.423 -1499.674
-2830.460 2.423 -1519.360
-2827.044 1.422 -1539.039
-2826.292 0.562 -1559.001
-2827.498 0.093 -1578.951
-2829.944 0.000 -1598.791
-2834.563 0.000 -1618.183
-2841.617 0.000 -1636.874
-2850.351 0.000 -1654.863
-2861.687 0.000 -1671.320
-2874.361 0.000 -1686.789
-2889.118 0.000 -1700.261
-2905.397 0.000 -1711.842
-2922.613 0.000 -1721.985
-2941.259 0.000 -1729.193
-2960.557 0.000 -1734.355
-2980.363 0.000 -1737.046
-3000.324 0.000 -1737.541
-3020.210 0.000 -1735.445
-3039.585 0.000 -1730.682
-3058.231 0.000 -1723.458
-3076.183 0.000 -1714.656
-3092.842 0.000 -1703.620
-3108.131 0.000 -1690.772
-3122.005 0.000 -1676.387
-3134.595 0.000 -1660.857
-3146.777 0.000 -1644.998
-3159.422 0.000 -1629.506
-3172.823 0.000 -1614.661
-3187.758 0.000 -1601.411
-3204.381 0.000 -1590.327
-3222.313 0.000 -1581.500
-3241.162 0.000 -1574.849
-3260.756 0.000 -1570.884
-3280.693 0.000 -1569.535
-3300.654 0.000 -1570.678
-3320.486 0.000 -1573.247
-3340.243 0.000 -1576.340
-3359.836 0.000 -1580.345
-3379.433 0.000 -1584.329
-3398.898 0.000 -1588.875
-3418.088 0.000 -1594.502
-3437.167 0.000 -1600.495
-3456.064 0.000 -1607.029
-3474.745 0.000 -1614.161
-3493.208 0.000 -1621.841
-3511.432 0.000 -1630.070
-3529.334 0.000 -1638.985
-3546.950 0.000 -1648.450
-3564.511 0.000 -1658.017
-3581.648 0.000 -1668.318
-3598.213 0.000 -1679.515
-3614.278 0.000 -1691.425
-3629.937 0.000 -1703.862
-3645.420 0.000 -1716.519
-3660.682 0.000 -1729.438
-3675.591 0.000 -1742.767
-3690.556 0.000 -1756.032
-3706.237 0.000 -1768.442
-3722.679 0.000 -1779.824
-3739.699 0.000 -1790.321
-3757.887 0.000 -1798.619
-3776.708 0.000 -1805.379
-3795.561 0.000 -1812.038
road vm63332268|Kings - West Gate Out Ramp On|1|1|2
-874.614 0.000 -1569.774
-894.053 0.000 -1564.899
-913.493 0.000 -1560.023
-932.957 0.000 -1555.243
-952.425 0.000 -1550.482
-971.893 0.000 -1545.721
-991.479 0.000 -1541.473
-1011.089 0.000 -1537.338
-1030.700 0.000 -1533.203
-1050.339 0.000 -1529.205
-1069.978 0.000 -1525.207
-1089.617 0.000 -1521.210
-1109.258 0.000 -1517.220
-1128.897 0.000 -1513.222
-1148.536 0.000 -1509.224
-1168.205 0.000 -1505.378
-1187.901 0.000 -1501.673
-1207.544 0.000 -1497.701
-1227.143 0.004 -1493.513
-1246.833 0.307 -1489.790
-1266.519 1.010 -1486.105
-1286.090 2.007 -1481.901
-1305.660 3.007 -1477.697
-1325.022 4.008 -1472.622
-1344.328 5.008 -1467.336
-1363.555 5.800 -1461.738
-1382.535 5.792 -1455.306
-1401.565 5.374 -1449.039
-1420.769 5.552 -1443.313
-1440.033 6.068 -1437.811
-1459.401 6.069 -1432.663
-1478.999 5.435 -1428.521
-1498.626 4.434 -1424.592
-1518.379 3.433 -1421.352
-1538.143 2.435 -1418.182
-1557.920 1.433 -1415.091
-1577.703 0.573 -1411.999
-1597.457 0.099 -1408.664
-1617.070 0.000 -1404.542
-1636.683 0.000 -1400.415
-1656.296 0.000 -1396.292
-1675.895 0.000 -1392.101
-1695.485 0.000 -1387.870
-1715.074 0.000 -1383.638
-1734.665 0.000 -1379.409
-1754.255 0.000 -1375.177
-1773.854 0.000 -1370.990
-1793.578 0.000 -1367.434
-1813.385 0.000 -1364.376
-1833.202 0.000 -1361.380
-1853.046 0.000 -1358.582
-1872.934 0.000 -1356.104
-1892.852 0.000 -1353.893
-1912.809 0.000 -1352.048
-1932.766 0.000 -1350.204
-1952.745 0.000 -1348.623
-1972.726 0.000 -1347.063
-1992.726 0.000 -1345.808
-2012.765 0.000 -1345.453
-2032.804 0.000 -1345.197
-2052.846 0.000 -1345.120
-2072.888 0.000 -1345.043
-2092.929 0.000 -1344.960
-2112.971 0.000 -1344.879
-2133.013 0.000 -1344.803
-2153.029 0.000 -1343.794
-2173.037 0.000 -1342.631
-2193.044 0.000 -1341.458
-2213.052 0.000 -1340.294
-2233.060 0.000 -1339.130
road vm63416622|West Gate In - Kings Ramp Of|1|1|2
-2052.370 0.000 -1315.600
-2032.402 0.000 -1314.923
-2012.433 0.000 -1314.246
-1992.465 0.000 -1313.569
-1972.497 0.000 -1312.891
-1952.528 0.000 -1312.214
-1932.560 0.000 -1311.538
-1912.591 0.000 -1312.076
-1892.632 0.000 -1312.996
-1872.688 0.000 -1314.158
-1852.762 0.000 -1315.625
-1832.836 0.000 -1317.093
-1812.911 0.000 -1318.561
-1792.985 0.000 -1320.029
-1773.059 0.000 -1321.497
-1753.133 0.000 -1322.965
-1733.208 0.000 -1324.433
-1713.283 0.000 -1325.922
-1693.387 0.000 -1327.742
-1673.490 0.000 -1329.565
-1653.594 0.000 -1331.390
-1633.710 0.000 -1333.343
-1613.847 0.000 -1335.494
-1593.966 0.000 -1337.479
-1574.085 0.000 -1339.465
-1554.204 0.000 -1341.456
-1534.331 0.001 -1343.511
-1514.483 0.193 -1345.796
-1494.645 0.778 -1348.091
-1474.817 1.711 -1350.370
-1455.080 2.709 -1353.261
-1435.419 3.707 -1356.674
-1415.759 4.704 -1360.087
-1396.101 5.642 -1363.535
-1376.445 6.007 -1367.092
-1356.795 5.573 -1370.678
-1337.312 4.619 -1374.973
-1317.822 3.621 -1379.253
-1298.382 2.624 -1383.751
-1279.074 1.626 -1388.792
-1259.728 0.712 -1393.697
-1240.532 0.161 -1399.189
-1221.460 0.000 -1405.141
-1202.418 0.000 -1411.190
-1183.410 0.000 -1417.346
-1164.577 0.000 -1424.016
-1145.742 0.000 -1430.683
-1126.909 0.000 -1437.353
-1108.075 0.000 -1444.023
-1089.311 0.000 -1450.887
-1070.559 0.000 -1457.782
-1051.801 0.000 -1464.662
-1032.764 0.000 -1470.727
-1013.729 0.000 -1476.798
-994.694 0.000 -1482.867
-975.634 0.000 -1488.860
-956.529 0.000 -1494.708
-937.427 0.000 -1500.565
-918.322 0.000 -1506.413
-899.232 0.000 -1512.308
-880.159 0.000 -1518.258
-861.085 0.000 -1524.208
road vm73688764|Dynon - Citylink Out Ramp On|1|1|1
-2493.350 0.000 966.420
-2510.405 0.000 976.459
-2522.696 0.491 992.079
road vm74046466|Citylink In - Footscray Ramp Of|1|1|2
-2506.964 5.588 995.871
-2516.062 5.871 978.092
-2524.510 5.353 960.005
-2531.948 4.356 941.494
-2539.384 3.357 922.983
-2546.616 2.362 904.391
-2552.974 1.365 885.487
-2558.939 0.521 866.443
-2563.414 0.075 846.984
-2566.132 0.000 827.200
-2567.442 0.000 807.272
-2567.745 0.024 787.300
-2566.551 0.331 767.367
-2564.420 1.036 747.522
-2561.192 2.012 727.842
-2556.665 3.010 708.416
-2550.637 4.007 689.399
-2543.513 5.007 670.766
-2535.654 5.831 652.422
-2526.998 6.165 634.427
-2517.254 5.711 617.000
-2506.599 4.855 600.128
-2495.215 3.859 583.748
-2483.240 2.860 567.794
-2470.400 1.862 552.532
-2456.781 0.895 537.969
-2442.277 0.250 524.261
-2426.980 0.003 511.425
-2411.282 0.000 499.074
-2394.842 0.000 487.813
-2376.826 0.000 479.407
-2363.818 0.000 464.376
-2351.364 0.000 448.804
-2333.780 0.000 439.434
-2315.480 0.000 431.430
road vm45503877|Citylink In - Dynon Ramp Of|1|1|1
-2297.845 0.000 985.799
-2283.682 0.000 971.834
-2271.010 0.000 956.540
road vm74046530|Citylink In - Dynon Ramp Of|1|1|1
-2271.010 0.000 956.540
-2271.423 0.000 939.955
-2281.140 0.000 926.790
road vm74938450|West Gate Freeway|0|1|3
-3928.354 0.000 -1884.339
-3913.784 0.000 -1870.642
-3899.055 0.000 -1857.116
-3883.965 0.000 -1844.000
-3868.556 0.000 -1831.254
-3852.699 0.000 -1819.074
-3836.606 0.000 -1807.202
-3820.485 0.000 -1795.369
-3804.175 0.000 -1783.797
-3787.821 0.000 -1772.288
-3771.442 0.000 -1760.815
-3755.043 0.000 -1749.369
-3738.619 0.000 -1737.960
-3722.177 0.000 -1726.577
-3705.710 0.000 -1715.230
-3689.226 0.000 -1703.907
-3672.724 0.000 -1692.612
-3656.196 0.000 -1681.354
-3639.655 0.000 -1670.115
-3623.225 0.000 -1658.714
-3606.818 0.000 -1647.281
-3590.299 0.000 -1636.011
-3573.583 0.000 -1625.034
-3556.662 0.000 -1614.382
-3539.149 0.000 -1604.728
-3521.557 0.000 -1595.220
-3503.756 0.000 -1586.108
-3485.172 0.000 -1578.725
-3466.596 0.000 -1571.318
-3447.922 0.000 -1564.165
-3428.989 0.000 -1557.752
-3409.844 0.000 -1551.976
-3390.514 0.000 -1546.849
-3371.190 0.000 -1541.700
-3351.756 0.000 -1537.005
-3332.223 0.000 -1532.720
-3312.695 0.000 -1528.409
-3293.202 0.000 -1523.949
-3273.750 0.000 -1519.308
-3254.279 0.000 -1514.748
-3234.765 0.000 -1510.375
-3215.255 0.000 -1505.984
-3195.748 0.000 -1501.581
-3176.245 0.000 -1497.158
-3156.747 0.000 -1492.715
-3137.255 0.000 -1488.247
-3117.781 0.000 -1483.699
-3098.373 0.000 -1478.877
-3078.970 0.000 -1474.035
-3059.570 0.000 -1469.184
-3040.147 0.000 -1464.423
-3020.721 0.000 -1459.676
-3001.298 0.000 -1454.915
-2981.878 0.000 -1450.141
-2962.454 0.000 -1445.387
-2943.016 0.000 -1440.685
-2923.581 0.000 -1435.974
-2904.147 0.000 -1431.259
-2884.717 0.000 -1426.526
-2865.296 0.000 -1421.760
-2845.868 0.000 -1417.018
-2826.434 0.000 -1412.304
-2806.999 0.000 -1407.591
-2787.543 0.000 -1402.971
-2767.998 0.000 -1398.739
-2748.454 0.000 -1394.502
-2728.911 0.000 -1390.261
-2709.368 0.000 -1386.020
-2689.690 0.000 -1382.457
-2670.013 0.000 -1378.890
-2650.336 0.000 -1375.322
-2630.659 0.000 -1371.755
-2610.981 0.000 -1368.188
-2591.257 0.000 -1364.896
-2571.511 0.000 -1361.729
-2551.765 0.000 -1358.563
-2531.976 0.000 -1355.687
-2512.164 0.000 -1352.967
-2492.346 0.000 -1350.290
-2472.494 0.000 -1347.884
-2452.641 0.000 -1345.479
-2432.788 0.000 -1343.075
-2412.888 0.000 -1341.102
-2392.984 0.000 -1339.165
-2373.080 0.000 -1337.226
-2353.170 0.000 -1335.353
-2333.231 0.000 -1333.830
-2313.291 0.000 -1332.302
-2293.351 0.000 -1330.779
-2273.417 0.000 -1329.188
-2253.497 0.000 -1327.424
-2233.577 0.000 -1325.660
-2213.657 0.000 -1323.896
-2193.737 0.000 -1322.132
-2173.817 0.000 -1320.368
-2153.897 0.000 -1318.609
-2133.916 0.000 -1317.821
-2113.926 0.000 -1317.279
-2093.935 0.000 -1316.729
-2073.945 0.000 -1316.187
-2053.954 0.000 -1315.649
-2033.957 0.000 -1315.767
-2013.960 0.000 -1315.938
-1993.963 0.000 -1316.122
-1973.974 0.000 -1316.740
-1954.019 0.000 -1318.044
-1934.078 0.000 -1319.545
-1914.139 0.000 -1321.077
-1894.238 0.000 -1323.045
-1874.350 0.000 -1325.139
-1854.462 0.000 -1327.232
-1834.575 0.000 -1329.334
-1814.696 0.000 -1331.507
-1794.821 0.000 -1333.729
-1774.958 0.000 -1336.045
-1755.113 0.000 -1338.510
-1735.261 0.000 -1340.921
-1715.397 0.000 -1343.236
-1695.533 0.000 -1345.543
-1675.674 0.000 -1347.897
-1655.849 0.000 -1350.517
-1636.025 0.000 -1353.148
-1616.199 0.000 -1355.771
-1596.385 0.003 -1358.475
-1576.594 0.173 -1361.335
-1556.810 0.742 -1364.194
-1537.052 1.674 -1367.136
-1517.359 2.672 -1370.472
-1497.667 3.670 -1373.809
-1478.007 4.670 -1377.330
-1458.354 5.600 -1380.906
-1438.674 5.866 -1384.445
-1418.985 5.601 -1387.935
-1399.296 5.643 -1391.426
-1379.786 6.061 -1395.797
-1360.298 5.912 -1400.276
-1340.845 5.069 -1404.837
-1321.400 4.070 -1409.397
-1301.957 3.071 -1413.968
-1282.604 2.072 -1418.904
-1263.248 1.089 -1423.834
-1243.894 0.360 -1428.812
-1224.587 0.031 -1434.014
-1205.278 0.000 -1439.215
-1185.968 0.000 -1444.418
-1166.677 0.000 -1449.686
-1147.468 0.000 -1455.248
-1128.257 0.000 -1460.803
-1109.047 0.000 -1466.361
-1089.813 0.000 -1471.832
-1070.534 0.000 -1477.147
-1051.205 0.000 -1482.276
-1031.876 0.000 -1487.405
-1012.547 0.000 -1492.534
-993.247 0.000 -1497.770
-973.957 0.000 -1503.043
-954.667 0.000 -1508.318
-935.378 0.000 -1513.596
-916.123 0.000 -1518.994
-896.877 0.000 -1524.425
-877.631 0.000 -1529.860
-858.383 0.000 -1535.285
road vm75571355|Citylink Out - Footscray Ramp Of|1|1|2
-2571.450 0.000 -49.280
-2572.837 0.000 -29.417
-2574.214 0.000 -9.554
-2575.601 0.000 10.309
-2577.233 0.000 30.153
-2578.928 0.000 49.992
-2580.612 0.000 69.832
-2582.307 0.000 89.671
-2584.303 0.000 109.479
-2586.933 0.000 129.216
-2591.145 0.000 148.634
-2596.624 0.000 167.777
-2603.751 0.000 186.358
-2611.597 0.000 204.657
-2619.624 0.000 222.879
-2630.963 0.000 239.242
-2642.329 0.000 255.590
-2655.525 0.000 270.471
-2669.431 0.000 284.722
-2683.881 0.000 298.415
-2698.592 0.000 311.833
-2711.901 0.000 326.611
-2725.182 0.000 341.433
-2736.571 0.000 357.715
-2744.344 0.000 376.024
-2749.574 0.000 395.198
-2753.148 0.000 414.769
-2754.834 0.000 434.597
-2755.267 0.000 454.487
-2760.835 0.000 473.496
-2776.350 0.000 485.370
road vm75571353|Footscray - Citylink Out Ramp On|1|1|1
-2595.750 0.000 457.730
-2616.185 0.000 458.777
-2636.631 0.000 459.526
-2657.089 0.000 459.121
-2677.541 0.000 458.467
-2697.869 0.000 456.419
-2717.901 0.000 452.248
-2736.200 0.000 443.860
road vm75571259|Citylink Out - Footscray Ramp Of|1|1|1
-2750.290 0.000 399.460
-2749.474 0.000 420.224
-2747.842 0.000 440.951
-2745.128 0.000 461.562
-2737.610 0.000 480.710
road vm75571260|Footscray - Citylink Out Ramp On|1|1|2
-2737.610 0.000 480.710
-2734.849 0.000 461.083
-2736.434 0.000 441.067
-2737.677 0.000 421.033
-2736.815 0.000 400.994
-2732.006 0.000 381.545
-2722.898 0.000 363.706
-2708.881 0.000 349.411
-2690.777 0.000 341.133
-2670.916 0.023 338.862
-2651.538 0.331 343.869
-2635.059 1.044 355.195
-2622.514 2.032 370.756
-2616.327 3.037 389.750
-2614.883 4.040 409.714
-2615.752 5.042 429.746
-2616.890 5.807 449.776
-2618.041 5.770 469.820
-2618.641 4.950 489.866
-2618.630 4.069 509.924
-2618.610 3.911 530.001
-2618.590 4.555 550.068
-2618.579 5.532 570.122
-2618.598 5.887 590.196
-2619.249 5.751 610.263
-2619.880 5.541 630.330
road vm75571357|Footscray - Citylink In Ramp On|1|1|1
-2561.500 0.000 452.300
-2555.847 0.000 433.007
-2557.395 0.000 412.775
-2555.663 0.000 392.591
-2552.729 0.000 372.500
-2549.802 0.000 352.409
-2546.867 0.000 332.319
-2543.974 0.000 312.222
-2541.126 0.000 292.119
-2538.283 0.000 272.016
-2535.546 0.000 251.899
-2533.555 0.000 231.694
-2531.901 0.000 211.461
-2531.650 0.000 191.164
-2531.650 0.000 170.861
-2531.650 0.000 150.557
-2533.019 0.000 130.310
-2534.891 0.000 110.093
-2536.765 0.000 89.876
-2538.886 0.000 69.686
-2541.637 0.000 49.569
-2544.411 0.000 29.456
-2547.185 0.000 9.343
-2549.960 0.000 -10.770
road vm75585969|West Gate Tunnel Tollway|0|1|3
-3618.433 0.000 607.967
-3598.471 0.000 605.504
-3578.510 0.000 603.036
-3558.550 0.000 600.555
-3538.590 0.000 598.075
-3518.632 0.000 595.581
-3498.674 0.000 593.090
-3478.717 0.000 590.587
-3458.760 0.000 588.086
-3438.804 0.000 585.574
-3418.848 0.000 583.066
-3398.893 0.000 580.547
-3378.938 0.000 578.031
-3358.946 0.000 575.838
-3338.925 0.000 573.914
-3318.902 0.000 572.017
-3298.851 0.000 570.431
-3278.799 0.000 568.870
-3258.706 0.000 568.421
-3238.594 0.000 568.659
-3218.488 0.000 569.104
-3198.413 0.000 570.341
-3178.339 0.000 571.593
-3158.325 0.015 573.554
-3138.342 0.282 575.819
-3118.409 0.954 578.392
-3098.603 1.930 581.755
-3078.797 2.939 585.108
-3059.042 3.948 588.744
-3039.360 4.955 592.760
-3019.667 5.735 596.772
-2999.960 5.762 600.786
-2980.267 5.023 604.801
-2960.584 4.020 608.815
-2940.899 3.018 612.822
-2921.216 2.013 616.835
-2901.531 1.032 620.842
-2881.834 0.329 624.850
-2862.128 0.028 628.864
-2842.420 0.000 632.880
-2822.710 0.000 636.891
-2803.002 0.000 640.906
-2783.290 0.000 644.904
-2763.428 0.000 648.042
-2743.503 0.000 650.786
-2723.454 0.000 652.272
-2703.352 0.000 652.805
-2683.244 0.000 652.425
-2663.175 0.000 651.143
-2643.165 0.000 649.113
-2623.161 0.000 647.020
-2603.156 0.000 644.949
-2583.089 0.000 643.605
-2562.996 0.000 642.729
-2542.891 0.000 643.107
-2522.847 0.000 644.547
-2502.945 0.000 647.427
-2483.436 0.000 652.283
-2464.221 0.000 658.133
-2445.666 0.000 665.892
-2427.729 0.000 674.926
-2410.433 0.000 685.191
-2393.139 0.000 695.462
-2375.841 0.000 705.723
-2358.548 0.000 715.994
-2341.272 0.000 726.294
-2324.023 0.000 736.639
-2306.356 0.000 746.249
-2288.612 0.000 755.719
-2270.638 0.000 764.746
-2252.585 0.000 773.614
-2234.512 0.000 782.440
-2216.448 0.000 791.285
-2198.380 0.000 800.122
-2180.312 0.000 808.959
-2162.322 0.000 817.953
-2144.263 0.000 826.804
-2125.759 0.000 834.662
-2106.616 0.000 840.806
-2086.890 0.000 844.660
road vm75586012|West Gate Tunnel Tollway|0|1|3
-2618.650 5.090 481.040
-2621.150 4.499 500.822
-2622.963 4.297 520.686
-2624.776 4.895 540.543
-2627.585 5.731 560.258
-2631.202 5.825 579.875
-2634.799 5.598 599.495
-2638.404 5.751 619.115
-2642.043 6.161 638.725
-2645.615 5.856 658.347
-2648.500 5.040 678.068
-2650.292 4.044 697.909
-2650.878 3.047 717.823
-2650.376 2.051 737.741
-2648.095 1.062 757.534
-2644.743 0.341 777.182
-2640.307 0.019 796.616
-2634.625 0.000 815.733
-2628.093 0.000 834.580
-2620.550 0.000 853.048
-2613.005 0.000 871.515
-2604.726 0.000 889.664
-2596.337 0.000 907.764
-2587.989 0.000 925.882
-2579.640 0.000 944.000
road vm75586062|West Gate Tunnel Tollway|0|1|3
-3320.645 0.000 572.151
-3300.440 0.000 572.109
-3280.236 0.000 572.037
-3260.032 0.000 571.962
-3239.842 0.000 572.672
-3219.660 0.000 573.622
-3199.484 0.000 574.651
-3179.500 0.000 577.586
-3159.583 0.047 580.978
-3139.669 0.410 584.368
-3119.900 1.176 588.426
-3100.329 2.177 593.346
-3080.756 3.192 598.255
-3061.181 4.204 603.153
-3041.674 5.206 608.316
-3022.205 5.834 613.673
-3002.687 5.645 618.882
-2983.073 4.749 623.630
-2963.493 3.740 628.512
-2943.935 2.732 633.481
-2924.318 1.724 638.205
-2904.640 0.779 642.687
-2884.950 0.188 647.179
-2865.270 0.000 651.744
-2845.747 0.000 656.940
-2826.499 0.000 663.064
-2807.670 0.000 670.379
-2789.337 0.000 678.859
-2771.515 0.000 688.368
-2754.345 0.000 699.008
-2737.792 0.000 710.588
-2722.048 0.000 723.241
-2706.999 0.000 736.716
-2692.856 0.000 751.139
-2679.353 0.000 766.166
-2666.637 0.000 781.862
-2654.847 0.000 798.264
-2644.065 0.000 815.348
-2634.422 0.000 833.090
-2625.471 0.000 851.204
-2616.512 0.000 869.313
-2607.569 0.000 887.431
-2598.622 0.000 905.546
-2589.675 0.000 923.662
-2580.735 0.000 941.781
-2571.164 0.000 959.574
-2561.333 0.000 977.224
-2551.045 0.000 994.613
road vm75586023|West Gate Tunnel Tollway|0|1|3
-2521.790 0.000 972.520
-2530.520 0.000 954.509
-2538.706 0.000 936.247
-2546.604 0.000 917.855
-2554.268 0.000 899.366
-2560.923 0.000 880.489
-2566.633 0.000 861.322
-2571.638 0.000 841.943
-2574.922 0.000 822.198
-2577.496 0.000 802.358
-2578.927 0.121 782.394
-2579.680 0.630 762.401
-2580.196 1.522 742.411
-2580.712 2.522 722.427
-2581.768 3.523 702.470
-2583.870 4.523 682.599
-2587.538 5.514 662.948
-2592.884 6.098 643.669
-2599.961 3.804 625.088
-2608.318 1.293 607.087
-2618.113 0.000 589.747
-2629.261 0.000 573.130
-2641.667 0.024 557.423
-2655.584 0.338 543.042
-2670.550 1.051 529.776
-2686.473 2.032 517.716
-2703.294 3.031 506.939
-2720.912 4.032 497.498
-2739.247 5.031 489.531
-2758.268 5.801 483.356
-2777.702 5.775 478.605
-2797.435 4.965 475.468
-2817.343 3.965 473.760
-2837.333 2.966 473.660
-2857.254 1.967 475.322
-2877.149 0.993 477.266
-2896.993 0.306 479.792
-2916.845 0.019 482.334
-2936.700 0.000 484.865
-2956.555 0.000 487.398
-2976.409 0.000 489.940
-2996.264 0.000 492.472
-3016.118 0.000 495.012
-3035.972 0.000 497.552
-3055.827 0.000 500.092
-3075.681 0.000 502.629
-3095.535 0.000 505.170
-3115.390 0.000 507.707
-3135.244 0.000 510.242
-3155.099 0.000 512.777
-3174.791 0.000 516.335
-3194.348 0.000 520.594
-3213.876 0.000 524.989
-3233.413 0.000 529.340
-3252.963 0.000 533.633
-3272.511 0.000 537.935
-3292.059 0.000 542.241
-3311.639 0.000 546.394
-3331.224 0.000 550.527
-3350.807 0.000 554.665
-3370.390 0.000 558.806
-3389.978 0.000 562.924
-3409.713 0.000 566.183
-3429.572 0.000 568.690
-3449.430 0.000 571.194
-3469.289 0.000 573.694
-3489.149 0.000 576.192
-3509.009 0.000 578.686
-3528.869 0.000 581.178
-3548.730 0.000 583.665
-3568.591 0.000 586.148
-3588.454 0.000 588.623
-3608.317 0.000 591.095
-3628.180 0.000 593.561
road vm75586067|West Gate Tunnel Tollway|0|1|3
-2543.540 0.000 448.630
-2559.177 0.000 461.513
-2564.280 0.000 480.823
-2561.980 0.000 501.077
-2560.616 0.000 521.416
-2560.063 0.000 541.794
-2559.520 0.000 562.172
-2558.967 0.000 582.550
-2560.189 0.000 602.832
-2569.839 0.000 620.256
-2588.800 0.000 626.780
road vm75586127|West Gate Tunnel Tollway|0|1|3
-3399.037 0.000 564.829
-3379.136 0.000 562.631
-3359.215 0.000 560.609
-3339.293 0.000 558.595
-3319.366 0.000 556.643
-3299.370 0.000 555.604
-3279.361 0.000 554.898
-3259.340 0.000 554.651
-3239.318 0.000 554.853
-3219.301 0.000 555.369
-3199.312 0.000 556.525
-3179.327 0.000 557.758
-3159.387 0.001 559.579
-3139.485 0.159 561.761
-3119.638 0.721 564.341
-3099.856 1.653 567.298
-3080.160 2.656 570.748
-3060.526 3.662 574.543
-3040.940 4.666 578.583
-3021.369 5.601 582.708
-3001.780 5.866 586.843
-2982.196 5.328 590.972
-2962.626 4.328 595.089
-2943.056 3.329 599.204
-2923.487 2.329 603.324
-2903.917 1.328 607.441
-2884.339 0.505 611.556
-2864.750 0.074 615.679
-2845.165 0.000 619.844
-2825.583 0.000 624.021
-2805.937 0.000 627.879
-2786.170 0.000 631.068
-2766.342 0.000 633.823
-2746.391 0.000 635.522
-2726.412 0.000 636.768
-2706.389 0.000 636.810
-2686.372 0.000 636.513
-2666.404 0.000 635.033
-2646.524 1.685 633.397
-2626.695 3.027 631.118
-2606.819 2.413 628.865
-2587.026 0.265 626.735
-2567.022 0.000 625.993
-2547.006 0.000 625.533
-2527.116 0.000 627.825
-2507.288 0.000 630.560
-2487.792 0.000 635.083
-2468.767 0.000 641.322
-2450.304 0.000 649.061
-2432.423 0.000 658.064
-2414.982 0.000 667.899
-2397.726 0.000 678.055
-2380.525 0.000 688.304
-2363.322 0.000 698.550
-2346.097 0.000 708.759
-2328.845 0.000 718.923
-2311.192 0.000 728.371
-2293.534 0.000 737.813
-2275.880 0.000 747.259
-2258.084 0.000 756.433
-2240.114 0.000 765.265
-2222.101 0.000 774.007
-2204.099 0.000 782.775
-2186.043 0.000 791.430
-2167.866 0.000 799.822
-2149.406 0.000 807.577
-2130.583 0.000 814.405
-2111.468 0.000 820.282
-2092.021 0.000 825.049
-2072.445 0.000 829.257
-2052.831 0.000 833.279
-2033.530 0.000 838.454
-2016.180 0.000 848.430
road vm75586081|West Gate Tunnel Tollway|0|1|3
-2552.080 0.000 625.450
-2572.770 0.000 643.090
road vm75586090|West Gate Tunnel Tollway|0|1|3
-3534.519 0.000 597.567
-3514.601 0.000 596.874
-3494.680 0.000 596.268
-3474.761 0.000 595.594
-3454.842 0.000 594.915
-3434.924 0.000 594.227
-3415.005 0.000 593.534
-3395.087 0.000 592.831
-3375.170 0.000 592.116
-3355.252 0.000 591.410
-3335.335 0.000 591.589
-3315.468 0.000 593.057
-3295.733 0.000 595.839
-3276.324 0.000 600.363
-3257.224 0.000 606.044
-3238.591 0.000 613.105
-3220.444 0.000 621.344
-3203.207 0.000 631.342
-3186.259 0.000 641.830
-3169.212 0.000 652.154
-3151.428 0.000 661.148
-3132.266 0.000 666.615
-3112.436 0.000 668.566
-3092.591 0.000 666.806
-3073.366 0.000 661.594
-3055.427 0.000 652.963
-3039.302 0.000 641.297
-3025.524 0.000 626.951
-3014.341 0.000 610.512
-3006.827 0.000 592.069
-3002.685 0.000 572.603
-3001.150 0.000 552.734
-3001.589 0.000 532.878
road vm75773188|West Gate Tunnel Tollway|0|1|3
-2552.080 0.000 625.450
-2548.372 0.000 605.757
-2547.793 0.000 585.673
-2548.065 0.000 565.572
-2548.347 0.000 545.472
-2548.618 0.000 525.371
-2548.417 0.000 505.273
-2544.796 0.000 485.572
-2531.120 0.000 471.170
road vm75816181|West Gate Tunnel Tollway|0|1|4
-3429.189 0.000 562.782
-3450.007 0.000 561.269
-3470.824 0.000 559.751
-3491.635 0.000 560.241
-3512.373 0.000 562.600
-3533.118 0.000 564.905
-3553.864 0.000 567.200
-3574.617 0.000 569.435
-3595.375 0.000 571.609
-3616.129 0.000 573.829
-3636.884 0.000 576.049
-3657.638 0.000 578.262
road vm76274522|West Gate Freeway|0|1|4
-874.302 0.000 -1553.387
-893.595 0.000 -1547.899
-912.813 0.000 -1542.145
-932.030 0.000 -1536.391
-951.247 0.000 -1530.637
-970.464 0.000 -1524.883
-989.691 0.000 -1519.163
-1009.003 0.000 -1513.735
-1028.315 0.000 -1508.310
-1047.627 0.000 -1502.880
-1066.940 0.000 -1497.457
-1086.221 0.000 -1491.922
-1105.464 0.000 -1486.256
-1124.705 0.000 -1480.583
-1143.977 0.000 -1475.018
-1163.329 0.000 -1469.735
-1182.681 0.000 -1464.451
-1202.032 0.000 -1459.164
-1221.384 0.000 -1453.883
-1240.782 0.000 -1448.775
-1260.223 0.006 -1443.827
-1279.614 0.213 -1438.699
-1298.962 0.822 -1433.438
-1318.449 1.771 -1428.790
-1338.006 2.772 -1424.437
-1357.562 3.774 -1420.084
-1377.122 4.774 -1415.747
-1396.782 5.653 -1411.863
-1416.475 5.830 -1408.057
-1436.089 5.217 -1403.906
-1455.680 4.216 -1399.711
-1475.379 3.214 -1396.074
-1495.136 2.213 -1392.746
-1514.894 1.220 -1389.424
-1534.660 0.439 -1386.094
-1554.478 0.055 -1383.023
-1574.326 0.000 -1380.114
-1594.146 0.000 -1377.023
-1613.966 0.000 -1373.929
-1633.789 0.000 -1370.855
-1653.625 0.000 -1367.871
-1673.545 0.000 -1365.502
-1693.465 0.000 -1363.142
-1713.386 0.000 -1360.781
-1733.304 0.000 -1358.401
-1753.202 0.000 -1355.855
-1773.097 0.000 -1353.287
-1792.992 0.000 -1350.718
-1812.886 0.000 -1348.146
-1832.790 0.000 -1345.650
-1852.706 0.000 -1343.246
-1872.627 0.000 -1340.894
-1892.603 0.000 -1339.065
-1912.588 0.000 -1337.338
-1932.574 0.000 -1335.611
-1952.596 0.000 -1334.445
-1972.641 0.000 -1333.668
-1992.687 0.000 -1332.912
-2012.738 0.000 -1332.317
-2032.790 0.000 -1331.736
-2052.847 0.000 -1331.486
-2072.907 0.000 -1331.427
-2092.961 0.000 -1331.886
-2113.013 0.000 -1332.459
-2133.054 0.000 -1333.304
-2153.075 0.000 -1334.551
-2173.100 0.000 -1335.734
-2193.128 0.000 -1336.868
-2213.156 0.000 -1338.003
-2233.182 0.000 -1339.172
-2253.194 0.000 -1340.557
-2273.178 0.000 -1342.259
-2293.092 0.000 -1344.677
-2313.005 0.000 -1347.096
-2332.919 0.000 -1349.514
-2352.833 0.000 -1351.933
-2372.714 0.000 -1354.602
-2392.562 0.000 -1357.506
-2412.412 0.000 -1360.405
-2432.260 0.000 -1363.312
-2452.109 0.000 -1366.218
-2471.958 0.000 -1369.121
-2491.807 0.000 -1372.021
-2511.655 0.000 -1374.928
-2531.504 0.000 -1377.834
-2551.353 0.000 -1380.736
-2571.202 0.000 -1383.637
-2591.003 0.000 -1386.817
-2610.681 0.000 -1390.716
-2630.358 0.000 -1394.615
-2650.035 0.000 -1398.517
-2669.712 0.000 -1402.421
-2689.389 0.000 -1406.318
-2709.067 0.000 -1410.216
-2728.745 0.000 -1414.111
-2748.424 0.000 -1418.004
-2768.105 0.000 -1421.887
-2787.752 0.000 -1425.927
-2807.291 0.000 -1430.471
-2826.823 0.000 -1435.040
-2846.361 0.000 -1439.590
-2865.838 0.000 -1444.386
-2885.298 0.000 -1449.257
-2904.761 0.000 -1454.111
-2924.175 0.000 -1459.164
-2943.585 0.000 -1464.230
-2962.998 0.000 -1469.282
-2982.430 0.000 -1474.261
-3001.916 0.000 -1479.026
-3021.410 0.000 -1483.758
-3040.906 0.000 -1488.483
-3060.405 0.000 -1493.192
-3079.909 0.000 -1497.884
-3099.417 0.000 -1502.556
-3118.928 0.000 -1507.217
-3138.443 0.000 -1511.860
-3157.964 0.000 -1516.481
-3177.488 0.000 -1521.085
-3197.002 0.000 -1525.735
-3216.498 0.000 -1530.458
-3236.000 0.000 -1535.159
-3255.508 0.000 -1539.830
-3275.020 0.000 -1544.489
-3294.536 0.000 -1549.128
-3314.106 0.000 -1553.534
-3333.689 0.000 -1557.884
-3353.277 0.000 -1562.209
-3372.852 0.000 -1566.595
-3392.209 0.000 -1571.850
-3411.550 0.000 -1577.171
-3430.810 0.000 -1582.756
-3449.767 0.000 -1589.312
-3468.059 0.000 -1597.532
-3486.495 0.000 -1605.428
-3504.993 0.000 -1613.182
-3522.831 0.000 -1622.352
-3540.436 0.000 -1631.959
-3557.694 0.000 -1642.183
-3574.411 0.000 -1653.269
-3590.883 0.000 -1664.710
-3607.051 0.000 -1676.584
-3623.234 0.000 -1688.439
-3639.458 0.000 -1700.236
-3655.667 0.000 -1712.055
-3671.848 0.000 -1723.912
-3688.233 0.000 -1735.484
-3704.612 0.000 -1747.066
-3720.777 0.000 -1758.944
-3736.839 0.000 -1770.962
-3753.065 0.000 -1782.751
-3769.594 0.000 -1794.117
-3786.110 0.000 -1805.503
-3802.436 0.000 -1817.155
-3818.445 0.000 -1829.242
-3834.421 0.000 -1841.374
-3850.365 0.000 -1853.547
-3866.311 0.000 -1865.719
-3882.309 0.000 -1877.820
-3898.276 0.000 -1889.964
-3914.208 0.000 -1902.153
road vm45107062|Citylink In - Lorimer Ramp Of|1|1|1
-2820.820 0.000 -1035.010
-2823.286 0.000 -1054.879
-2825.751 0.000 -1074.749
-2828.207 0.000 -1094.620
-2830.646 0.000 -1114.493
-2832.319 0.000 -1134.444
-2833.976 0.000 -1154.397
-2835.988 0.000 -1174.318
-2837.997 0.000 -1194.239
-2836.219 0.000 -1214.143
-2831.665 0.000 -1233.635
-2825.257 0.000 -1252.604
-2816.491 0.000 -1270.598
-2805.483 0.000 -1287.298
-2792.880 0.000 -1302.818
-2778.589 0.000 -1316.826
-2762.790 0.000 -1329.106
-2745.789 0.000 -1339.667
-2727.718 0.000 -1348.255
-2708.628 0.000 -1354.272
-2688.990 0.000 -1358.145
-2669.079 0.000 -1360.156
-2649.078 0.000 -1359.520
-2629.217 0.000 -1357.012
-2609.488 0.000 -1353.596
-2589.760 0.000 -1350.180
-2570.032 0.000 -1346.763
-2550.303 0.000 -1343.349
-2530.522 0.000 -1340.250
-2510.741 0.000 -1337.158
-2490.958 0.000 -1334.069
-2471.140 0.000 -1331.233
-2451.271 0.000 -1328.762
-2431.375 0.000 -1326.529
-2411.464 0.000 -1324.426
-2391.529 0.000 -1322.568
-2371.569 0.000 -1320.993
-2351.598 0.000 -1319.565
-2331.628 0.000 -1318.132
-2311.657 0.000 -1316.707
-2291.689 0.000 -1315.242
-2271.749 0.000 -1313.427
-2251.810 0.000 -1311.602
-2231.871 0.000 -1309.788
-2211.932 0.000 -1307.963
-2191.991 0.000 -1306.165
-2172.032 0.000 -1304.581
-2152.073 0.000 -1302.997
-2132.070 0.000 -1302.135
-2112.062 0.000 -1301.386
-2092.052 0.000 -1300.700
-2072.042 0.000 -1300.016
-2052.039 0.000 -1299.143
-2032.039 0.000 -1298.208
-2012.020 0.000 -1298.206
-1992.001 0.000 -1298.562
-1971.982 0.000 -1298.912
-1951.984 0.000 -1299.871
-1931.988 0.000 -1300.892
-1911.999 0.000 -1302.045
-1892.048 0.000 -1303.719
-1872.096 0.000 -1305.398
-1852.149 0.000 -1307.128
-1832.207 0.000 -1308.918
-1812.267 0.000 -1310.718
-1792.325 0.000 -1312.509
-1772.376 0.000 -1314.210
-1752.386 0.000 -1315.335
-1732.374 0.000 -1315.954
-1712.394 0.000 -1317.215
-1692.446 0.000 -1318.937
-1672.496 0.000 -1320.626
-1652.542 0.000 -1322.279
-1632.589 0.000 -1323.933
-1612.635 0.000 -1325.586
-1592.660 0.000 -1326.908
-1572.648 0.000 -1327.546
-1552.636 0.000 -1328.182
-1532.618 0.000 -1328.305
-1513.743 0.000 -1321.819
-1496.306 0.000 -1311.978
-1478.980 0.000 -1301.944
-1461.000 0.000 -1293.290
road vm45114383|Citylink In - West Gate In Ramp|1|1|2
-2858.399 0.000 -1220.873
-2854.626 0.000 -1240.339
-2850.122 0.000 -1259.642
-2843.749 0.000 -1278.406
-2835.176 0.000 -1296.278
-2824.902 0.112 -1313.231
-2812.631 0.585 -1328.782
-2798.797 1.432 -1342.940
-2783.309 2.421 -1355.261
-2766.752 3.413 -1366.112
-2748.933 4.404 -1374.688
-2730.170 5.378 -1380.992
-2710.857 5.858 -1385.379
-2691.152 5.555 -1387.448
-2671.363 4.629 -1387.356
-2651.731 3.639 -1384.888
-2632.205 2.650 -1381.580
-2612.680 1.661 -1378.271
-2593.151 0.753 -1374.962
-2573.609 0.189 -1371.651
-2554.060 0.004 -1368.341
-2534.501 0.000 -1365.083
-2514.921 0.000 -1361.957
-2495.340 0.000 -1358.830
-2475.759 0.000 -1355.708
-2456.179 0.000 -1352.578
-2436.564 0.000 -1349.681
-2416.899 0.000 -1347.145
-2397.234 0.000 -1344.606
-2377.568 0.000 -1342.070
-2357.902 0.000 -1339.534
-2338.227 0.000 -1337.069
-2318.551 0.000 -1334.615
-2298.876 0.000 -1332.154
-2279.200 0.000 -1329.700
road vm45115944|Montague - West Gate In Ramp On|1|1|1
-1298.100 0.000 -1289.410
-1301.767 0.047 -1307.973
-1304.697 0.379 -1326.662
-1307.386 1.045 -1345.378
-1308.644 1.939 -1364.202
-1303.910 2.594 -1382.310
road vm45115945|Montague - West Gate In Ramp On|1|1|1
-1303.910 2.601 -1382.310
-1292.402 2.016 -1394.604
-1277.348 1.228 -1402.465
-1261.200 0.648 -1407.950
road vm47121797|West Gate Out - Montague Ramp Of|1|1|2
-870.098 0.000 -1557.879
-889.928 0.000 -1553.222
-909.771 0.000 -1548.618
-929.623 0.000 -1544.054
-949.656 0.000 -1540.373
-969.685 0.000 -1536.663
-989.658 0.000 -1532.661
-1009.581 0.000 -1528.413
-1029.499 0.000 -1524.145
-1049.419 0.000 -1519.886
-1069.323 0.000 -1515.553
-1089.197 0.000 -1511.085
-1109.056 0.000 -1506.551
-1128.921 0.000 -1502.041
-1148.862 0.000 -1497.887
-1168.877 0.000 -1494.099
-1188.889 0.000 -1490.295
-1208.888 0.000 -1486.426
-1228.885 0.000 -1482.546
-1248.858 0.000 -1478.545
-1268.788 0.000 -1474.331
-1288.805 0.000 -1470.569
-1308.799 0.000 -1466.716
-1328.636 0.000 -1462.082
-1348.604 0.000 -1458.137
-1368.935 0.000 -1458.028
-1388.817 0.000 -1462.322
-1406.840 0.000 -1471.540
road vm47126715|West Gate In - Montague Ramp Of|1|1|2
-1826.950 0.000 -1330.140
-1806.673 0.000 -1330.404
-1786.396 0.000 -1330.678
-1766.119 0.000 -1330.957
-1745.871 0.000 -1331.988
-1725.642 0.000 -1333.411
-1705.415 0.000 -1334.861
-1685.226 0.000 -1336.764
-1665.049 0.000 -1338.793
-1644.871 0.000 -1340.819
-1624.694 0.000 -1342.846
-1604.525 0.000 -1344.950
-1584.391 0.000 -1347.372
-1564.259 0.000 -1349.808
-1544.142 0.000 -1352.361
-1524.067 0.000 -1355.235
-1503.993 0.000 -1358.108
-1483.926 0.000 -1361.030
-1463.932 0.000 -1364.418
-1443.958 0.000 -1367.919
-1423.979 0.000 -1371.390
-1403.774 0.000 -1372.824
-1384.081 0.000 -1368.541
-1368.010 0.000 -1356.220
